if game.PlaceId == 4917917133 then
local Library = loadstring(game:HttpGet("https://raw.githubusercontent.com/xHeptc/Kavo-UI-Library/main/source.lua"))()
local Window = Library.CreateLib("Close School", "BloodTheme")
local Tab = Window:NewTab("Main")
local Section = Tab:NewSection("Food")
Section:NewButton("Doritos", "Bring a Doritos", function()
    fireclickdetector(game:GetService("Workspace").Doritos.ClickDetector)
end)
Section:NewButton("Lays", "Bring a Lays", function()
    fireclickdetector(game:GetService("Workspace").Lays.ClickDetector)
end)
Section:NewButton("Macaron", "Bring a Macaron", function()
    fireclickdetector(game:GetService("Workspace").Macaron.ClickDetector)
end)
Section:NewButton("Dango", "Bring a Dango", function()
    fireclickdetector(game:GetService("Workspace").Dango.ClickDetector)
end)
local Section = Tab:NewSection("Drinks")
Section:NewButton("Bloxy Cola", "Bring a Bloxy Cola", function()
    fireclickdetector(game:GetService("Workspace")["Bloxy Cola"].ClickDetector)
end)
Section:NewButton("Milk", "Bring a Milk", function()
    fireclickdetector(game:GetService("Workspace").Milk.ClickDetector)
end)
Section:NewButton("Mountain Dew", "Bring a Mountain Dew", function()
    fireclickdetector(game:GetService("Workspace")["Mountain Dew"].ClickDetector)
end)
Section:NewButton("Sprite", "Bring a Sprite", function()
    fireclickdetector(game:GetService("Workspace").Sprite.ClickDetector)
end)
Section:NewButton("Pepsi", "Bring a Pepsi", function()
    fireclickdetector(game:GetService("Workspace").Pepsi.ClickDetector)
end)
Section:NewButton("Bubbletae", "Bring a Bubbletae", function()
    fireclickdetector(game:GetService("Workspace").Bubbletae.ClickDetector)
end)


local Tab = Window:NewTab("Player")
local Section = Tab:NewSection("Local Player")
Section:NewSlider("WalkSpeed", "Changes Your Speedwalk.", 500, 16, function(s)
    game.Players.LocalPlayer.Character.Humanoid.WalkSpeed = s
end)
Section:NewSlider("JumpPower", "Changes Your Jumppower.", 500, 16, function(s)
    game.Players.LocalPlayer.Character.Humanoid.JumpPower = s
end)
Section:NewSlider("Health", "Changes Your Health.", 1000, 100, function(s)
    game.Players.LocalPlayer.Character.Humanoid.Health = s
end)
Section:NewButton("Become a Frog-Dog", "Become is a F.dog", function()
fireclickdetector(game:GetService("Workspace").Drog.Part.ClickDetector)
end)

local Section = Tab:NewSection("Select Player!")
Plr = {}
for i,v in pairs(game:GetService("Players"):GetChildren()) do
    table.insert(Plr,v.Name) 
end
local drop = Section:NewDropdown("Select Player!", "Click To Select", Plr, function(t)
   PlayerTP = t
end)
Section:NewButton("Click To TP", "", function()
    game.Players.LocalPlayer.Character.HumanoidRootPart.CFrame = game.Players[PlayerTP].Character.HumanoidRootPart.CFrame
end)
Section:NewToggle("Auto Tp", "", function(t)
_G.TPPlayer = t
while _G.TPPlayer do wait()
game.Players.LocalPlayer.Character.HumanoidRootPart.CFrame = game.Players[PlayerTP].Character.HumanoidRootPart.CFrame
end
end)

Section:NewButton("Refresh Dropdown","Refresh Dropdown", function()
  drop:Refresh(Plr)
end)
local Tab = Window:NewTab("Teleport")
local Section = Tab:NewSection("In School")
Section:NewButton("Classroom 1", "Teleport to classroom 1", function()
    game.Players.LocalPlayer.Character.HumanoidRootPart.CFrame = CFrame.new(-15.4223795, 28.3499985, -26.0421333, -0.998323619, 2.73902216e-08, -0.0578785203, 2.23642793e-08, 1, 8.7483798e-08, 0.0578785203, 8.60427321e-08, -0.998323619)
end)
Section:NewButton("Classroom 2", "Teleport to classroom 2", function()
    game.Players.LocalPlayer.Character.HumanoidRootPart.CFrame = CFrame.new(-18.8540039, 28.3499985, 27.3311405, -0.999961853, 1.61033764e-08, -0.00873681065, 1.66963758e-08, 1, -6.78008831e-08, 0.00873681065, -6.79441641e-08, -0.999961853)
end)
Section:NewButton("Music Room", "Teleport to Music Room", function()
    game.Players.LocalPlayer.Character.HumanoidRootPart.CFrame = CFrame.new(-89.4092484, 13.9999952, 120.777557, 0.0261747967, 2.91696196e-08, 0.999657393, -4.85856297e-08, 1, -2.79074612e-08, -0.999657393, -4.78385118e-08, 0.0261747967)
end)
Section:NewButton("Infirmary", "Teleport to Infirmary", function()
    game.Players.LocalPlayer.Character.HumanoidRootPart.CFrame = CFrame.new(-134.745514, 13.9999952, 127.915779, 0.0523545519, -2.13135287e-08, 0.998628557, 2.94453901e-08, 1, 1.97990815e-08, -0.998628557, 2.83684347e-08, 0.0523545519)
end)
Section:NewButton("Computer Room", "Teleport to Computer Room", function()
    game.Players.LocalPlayer.Character.HumanoidRootPart.CFrame = CFrame.new(-77.3863525, 28.3500195, 129.006088, 6.11683354e-05, -7.54706733e-08, 1, 1.9804439e-08, 1, 7.54694653e-08, -1, 1.97998222e-08, 6.11683354e-05)
end)
Section:NewButton("Drawing Room", "Teleport to Drawing Room", function()
    game.Players.LocalPlayer.Character.HumanoidRootPart.CFrame = CFrame.new(-135.340805, 28.3000221, 128.258408, 0.00879048184, 7.99514908e-08, 0.999961376, -8.29791624e-10, 1, -7.99472915e-08, -0.999961376, -1.26984367e-10, 0.00879048184)
end)
Section:NewButton("Canteen", "Teleport to Canteen", function()
    game.Players.LocalPlayer.Character.HumanoidRootPart.CFrame = CFrame.new(-48.3950844, 13.9999952, -84.7609253, 0.000153508969, 1.49797561e-08, 1, 5.15192866e-09, 1, -1.49805484e-08, -1, 5.15422816e-09, 0.000153508969)
end)
local Section = Tab:NewSection("Outside School")
Section:NewButton("Ramen shop", "Teleport to Ramen Shop", function()
    game.Players.LocalPlayer.Character.HumanoidRootPart.CFrame = CFrame.new(-303.935944, 14.9513254, -24.1320248, 0.999049127, -2.86403363e-08, 0.0435989536, 2.61094026e-08, 1, 5.86197899e-08, -0.0435989536, -5.74257051e-08, 0.999049127)
end)
Section:NewButton("Bubble Tea Shop", "Teleport to Bubble Shop", function()
    game.Players.LocalPlayer.Character.HumanoidRootPart.CFrame = CFrame.new(-304.183441, 13.9999952, 48.7465096, -0.0256500319, 9.40132097e-08, 0.999670982, -3.55177576e-08, 1, -9.49554817e-08, -0.999670982, -3.79416818e-08, -0.0256500319)
end)
Section:NewButton("7-11 Shop", "Teleport to 7-11 Shop", function()
    game.Players.LocalPlayer.Character.HumanoidRootPart.CFrame = CFrame.new(-235.094177, 15.4130678, 185.715744, -0.0437528864, -1.15733251e-07, -0.999042392, -4.18205204e-08, 1, -1.14012664e-07, 0.999042392, 3.67920912e-08, -0.0437528864)
end)
Section:NewButton("Measure ( Building )", "Teleport to Measure", function()
    game.Players.LocalPlayer.Character.HumanoidRootPart.CFrame = CFrame.new(-187.243347, 13.9999943, -236.767487, 0.0174004715, 2.60010786e-08, -0.999848604, 1.05995838e-07, 1, 2.78496728e-08, 0.999848604, -1.06464391e-07, 0.0174004715)
end)
Section:NewButton("Secret Lab", "Teleport to Lab", function()
    game.Players.LocalPlayer.Character.HumanoidRootPart.CFrame = CFrame.new(-350.279358, 14.5499973, 209.75592, 0.135420352, 1.30804727e-08, -0.990788221, 3.74814064e-08, 1, 1.83250251e-08, 0.990788221, -3.96177171e-08, 0.135420352)
end)
Section:NewButton("Back Room", "Teleport to Back Room", function()
    game.Players.LocalPlayer.Character.HumanoidRootPart.CFrame = CFrame.new(-236.161972, -0.650001347, 199.544495, 0.927181721, 8.57191385e-09, -0.374611825, 8.79630396e-12, 1, 2.29038939e-08, 0.374611825, -2.12393676e-08, 0.927181721)
end)
local Tab = Window:NewTab("Setting")
local Section = Tab:NewSection("Hide UI")
Section:NewKeybind("KeybindText", "KeybindInfo", Enum.KeyCode.F, function()
	Library:ToggleUI()
end)
local Section = Tab:NewSection("Credits")
Section:NewLabel("Link Discord : https://discord.gg/jgysmrnD")
